update product_product set (active,write_date) = (False,'2017-05-11 09:00:00')  where product_tmpl_id in (select pt_1.id from product_template pt_1 where pt_1.id in 
(956,
9504,
9479,
9478,
9477,
9474,
9473,
9472,
9471,
9470,
9469,
9468,
9467,
9466,
9465,
9464,
9463,
9462,
9461,
9460,
9459,
9458,
9454,
9453,
9452,
9451,
9449,
9447,
9446,
9445,
9443,
9440,
9439,
9437,
9436,
9427,
9413,
9412,
9411,
9410,
9409,
9408,
9407,
9406,
9405,
9404,
9403,
9402,
9401,
9400,
9399,
9398,
9397,
9396,
9395,
9394,
9393,
9392,
9391,
9385,
9382,
9381,
9380,
9379,
9376,
9375,
9373,
9372,
9371,
9370,
9369,
9368,
9367,
9365,
9364,
9363,
9362,
9361,
9360,
9359,
9358,
9357,
9355,
9354,
9353,
9352,
9350,
935,
9345,
9343,
9342,
9340,
9339,
9338,
9337,
9335,
9334,
9333,
9332,
9331,
9330,
9329,
9328,
9327,
9326,
9325,
9324,
9323,
9322,
9321,
9320,
9319,
9318,
9317,
9316,
9315,
9314,
9313,
9312,
9290,
9289,
9288,
9287,
9286,
9285,
9284,
9282,
9281,
9280,
9279,
9278,
9277,
9275,
9273,
9271,
9270,
9269,
9268,
9267,
9266,
9265,
9262,
9261,
9260,
9259,
9258,
9257,
9256,
9255,
9254,
9253,
9252,
9251,
9250,
9249,
9247,
9242,
9241,
9240,
9239,
9238,
9236,
9233,
9230,
9229,
9228,
9227,
9226,
9225,
9224,
9223,
9222,
9221,
9220,
9217,
9216,
9215,
776,
666,
590,
2929,
2928,
2631,
2624,
2605,
2604,
2603,
2602,
2601,
2335,
2202,
2195,
2193,
2186,
2185,
2184,
2005,
1847,
1768,
1753,
1752,
1143));
